0 0.531738 0.332682 0.0205078 0.0299479
0 0.462891 0.753906 0.0195312 0.0260417
0 0.880371 0.193359 0.0205078 0.0299479
0 0.467285 0.0279948 0.0205078 0.0299479
0 0.0507812 0.795573 0.0195312 0.0286458
0 0.508301 0.882161 0.0205078 0.0273438
0 0.219727 0.654297 0.0214844 0.0299479
0 0.42627 0.369792 0.0244141 0.0338542
0 0.415527 0.29362 0.0224609 0.0299479
0 0.0986328 0.09375 0.0292969 0.03125
0 0.729004 0.389974 0.0205078 0.0273438
0 0.994629 0.259115 0.0107422 0.03125
0 0.648926 0.0338542 0.0205078 0.0260417
0 0.26709 0.447266 0.0263672 0.0325521
0 0.959961 0.511068 0.0195312 0.0351562
0 0.463867 0.25 0.0214844 0.0234375
0 0.0600586 0.584635 0.0244141 0.03125
0 0.161133 0.524089 0.0234375 0.0273438
0 0.335449 0.332682 0.0244141 0.0299479
0 0.396484 0.636719 0.0234375 0.0338542
0 0.243652 0.238281 0.0263672 0.0338542
0 0.00830078 0.485026 0.0166016 0.0325521
0 0.65918 0.264974 0.0195312 0.0247396
0 0.56543 0.627604 0.0234375 0.0286458
0 0.564453 0.0546875 0.0234375 0.03125
0 0.430664 0.720703 0.0214844 0.0299479
0 0.00927734 0.422526 0.0166016 0.0325521
0 0.379395 0.878906 0.0205078 0.0260417
0 0.99707 0.547526 0.00585938 0.0299479
0 0.730957 0.497396 0.0205078 0.0234375
0 0.930176 0.0273438 0.0205078 0.0286458
0 0.379883 0.326823 0.0253906 0.0338542
0 0.526855 0.722656 0.0166016 0.0234375
0 0.60498 0.69987 0.0224609 0.0273438
0 0.0522461 0.46224 0.0263672 0.03125
0 0.868164 0.876302 0.0273438 0.0364583
0 0.994629 0.796224 0.0107422 0.0325521
0 0.853516 0.0898438 0.0214844 0.03125
0 0.541016 0.494792 0.0214844 0.0286458
0 0.987305 0.0820312 0.0214844 0.03125
0 0.646484 0.803385 0.0253906 0.0338542
0 0.0571289 0.645182 0.0283203 0.0325521
0 0.419922 0.228516 0.0234375 0.0273438
0 0.99707 0.716146 0.00585938 0.0286458
0 0.0205078 0.709635 0.0234375 0.0286458
0 0.599609 0.326172 0.0195312 0.0299479
0 0.208008 0.598307 0.0234375 0.0299479
0 0.893066 0.0540365 0.0224609 0.0273438
0 0.422363 0.507161 0.0224609 0.0325521
0 0.781738 0.0345052 0.0205078 0.0273438
0 0.615234 0.648438 0.0214844 0.0260417
0 0.839844 0.428385 0.0214844 0.0286458
0 0.868652 0.602214 0.0146484 0.0221354
0 0.0141602 0.830078 0.0224609 0.0273438
0 0.137207 0.0566406 0.0263672 0.0273438
0 0.103027 0.499349 0.0244141 0.0299479
0 0.0673828 0.707031 0.0234375 0.03125
0 0.493652 0.729167 0.0205078 0.0286458
0 0.0649414 0.129557 0.0244141 0.0299479
0 0.611816 0.544922 0.0205078 0.0273438
0 0.156738 0.345052 0.0244141 0.03125
0 0.669434 0.222005 0.0224609 0.0299479
0 0.70459 0.602865 0.0224609 0.0286458
0 0.106934 0.609375 0.0224609 0.0260417
0 0.46875 0.382812 0.0234375 0.0364583
0 0.278809 0.10026 0.0224609 0.0286458
0 0.0839844 0.761719 0.0214844 0.0286458
0 0.60498 0.433594 0.0205078 0.0260417
0 0.69043 0.399089 0.0214844 0.0273438
0 0.609863 0.753255 0.0244141 0.0325521
0 0.645508 0.683594 0.0214844 0.0286458
0 0.0576172 0.522786 0.0234375 0.0273438
0 0.0126953 0.102865 0.0234375 0.0338542
0 0.257324 0.617839 0.0244141 0.0325521
0 0.507324 0.825521 0.0205078 0.0260417
0 0.971191 0.0221354 0.0244141 0.0338542
0 0.694336 0.031901 0.0214844 0.0299479
0 0.21582 0.880859 0.0195312 0.0273438
0 0.15332 0.464193 0.0253906 0.0325521
0 0.524902 0.442708 0.0205078 0.0260417
0 0.409668 0.0950521 0.0244141 0.0364583
0 0.421387 0.777995 0.0205078 0.0247396
0 0.753418 0.234375 0.0166016 0.0260417
0 0.496582 0.678385 0.0185547 0.0260417
0 0.799805 0.440755 0.0195312 0.0273438
0 0.0332031 0.16862 0.0253906 0.0325521
0 0.097168 0.81901 0.0244141 0.0286458
0 0.166504 0.280599 0.0205078 0.0325521
0 0.660645 0.452474 0.0224609 0.0299479
0 0.597168 0.876953 0.0244141 0.0299479
0 0.570801 0.119792 0.0224609 0.03125
0 0.6875 0.509115 0.0214844 0.0338542
0 0.399902 0.571615 0.0263672 0.0364583
0 0.700195 0.277995 0.0214844 0.0299479
0 0.851074 0.32487 0.0205078 0.0299479
0 0.532227 0.661458 0.0175781 0.0234375
0 0.976074 0.363932 0.0205078 0.0299479
0 0.261719 0.50651 0.0234375 0.03125
0 0.0483398 0.225911 0.0224609 0.0273438
0 0.410156 0.158203 0.0234375 0.0325521
0 0.100586 0.240885 0.0234375 0.0286458
0 0.18457 0.078125 0.0273438 0.0338542
0 0.157227 0.689453 0.0234375 0.0299479
0 0.641113 0.503255 0.0224609 0.0299479
0 0.176758 0.0169271 0.0292969 0.03125
0 0.914062 0.861328 0.0234375 0.0325521
0 0.544434 0.255208 0.0205078 0.0260417
0 0.626465 0.222656 0.0205078 0.0286458
0 0.42334 0.438802 0.0244141 0.0338542
0 0.200684 0.321615 0.0244141 0.0338542
0 0.0566406 0.855469 0.0214844 0.0286458
0 0.0170898 0.766927 0.0244141 0.03125
0 0.973145 0.136719 0.0205078 0.0260417
0 0.0981445 0.439453 0.0244141 0.0299479
0 0.0107422 0.602865 0.0214844 0.0286458
0 0.0507812 0.399089 0.0253906 0.0299479
0 0.200195 0.383464 0.0234375 0.0325521
0 0.0629883 0.344401 0.0224609 0.0273438
0 0.325684 0.078125 0.0224609 0.0286458
0 0.53418 0.141927 0.0214844 0.03125
0 0.105957 0.664714 0.0244141 0.0299479
0 0.282227 0.567057 0.0234375 0.0325521
0 0.202148 0.772135 0.0214844 0.0260417
0 0.73877 0.0182292 0.0244141 0.03125
0 0.725586 0.552734 0.0253906 0.0325521
0 0.687988 0.699219 0.0224609 0.0286458
0 0.290527 0.347005 0.0263672 0.0351562
0 0.117676 0.154948 0.0224609 0.0286458
0 0.012207 0.542318 0.0244141 0.0325521
0 0.00976562 0.658203 0.0195312 0.0299479
0 0.958984 0.278646 0.0175781 0.0260417
0 0.859863 0.279297 0.0185547 0.0247396
0 0.668945 0.633464 0.0214844 0.0299479
0 0.492188 0.320312 0.0214844 0.03125
0 0.694824 0.332031 0.0224609 0.0260417
0 0.255371 0.846354 0.0224609 0.03125
0 0.61084 0.11263 0.0224609 0.0299479
0 0.160645 0.408854 0.0263672 0.03125
0 0.240723 0.299479 0.0244141 0.0338542
0 0.776855 0.516276 0.0224609 0.0247396
0 0.473145 0.847005 0.0166016 0.0247396
0 0.0268555 0.313802 0.0224609 0.0260417
0 0.224609 0.0377604 0.0273438 0.0390625
0 0.56543 0.303385 0.0234375 0.0286458
0 0.816406 0.115234 0.0214844 0.0299479
0 0.101562 0.326823 0.0214844 0.03125
0 0.812988 0.335938 0.0224609 0.03125
0 0.113281 0.721354 0.0214844 0.0260417
0 0.957031 0.827474 0.0253906 0.0325521
0 0.80957 0.546875 0.0195312 0.0286458
0 0.164551 0.742188 0.0224609 0.03125
0 0.273438 0.0436198 0.0234375 0.0299479
0 0.247559 0.372396 0.0263672 0.0390625
0 0.615723 0.274089 0.0224609 0.0325521
0 0.921387 0.208984 0.0205078 0.0299479
0 0.159668 0.169922 0.0224609 0.0299479
0 0.961914 0.440104 0.0214844 0.0286458
0 0.774414 0.356771 0.0214844 0.03125
0 0.157715 0.809896 0.0224609 0.0286458
0 0.194336 0.138672 0.0273438 0.0377604
0 0.146484 0.111979 0.0253906 0.0338542
0 0.382324 0.459635 0.0244141 0.0286458
0 0.250488 0.734375 0.0205078 0.03125
0 0.924805 0.254557 0.0175781 0.0273438
0 0.664551 0.566406 0.0263672 0.0364583
0 0.720703 0.666016 0.0234375 0.0299479
0 0.933594 0.13151 0.0195312 0.0286458
0 0.369629 0.119141 0.0263672 0.0299479
0 0.650391 0.311198 0.0214844 0.0234375
0 0.34375 0.664714 0.0214844 0.0299479
0 0.887695 0.633464 0.0195312 0.0299479
0 0.310059 0.511719 0.0263672 0.03125
0 0.208008 0.709635 0.0234375 0.03125
0 0.744629 0.277995 0.0185547 0.0221354
0 0.203613 0.829427 0.0224609 0.0260417
0 0.930664 0.596354 0.0214844 0.0286458
0 0.505859 0.265625 0.0234375 0.03125
0 0.0141602 0.257161 0.0224609 0.0299479
0 0.449219 0.182292 0.0234375 0.0260417
0 0.123535 0.285156 0.0224609 0.03125
0 0.645996 0.378255 0.0302734 0.0429688
0 0.335449 0.565104 0.0224609 0.0338542
0 0.88916 0.58138 0.0185547 0.0299479
0 0.818359 0.288411 0.0175781 0.0247396
0 0.0854492 0.190104 0.0244141 0.0338542
0 0.489258 0.205729 0.0214844 0.03125
0 0.96582 0.230469 0.0175781 0.0260417
0 0.235352 0.106771 0.0273438 0.0364583
0 0.588867 0.486979 0.0214844 0.0260417
0 0.777832 0.305339 0.0224609 0.0247396
0 0.386719 0.395833 0.0253906 0.0338542
0 0.106934 0.382812 0.0244141 0.03125
0 0.334473 0.26888 0.0244141 0.0299479
0 0.643555 0.867839 0.0234375 0.0325521
0 0.200684 0.195312 0.0244141 0.0338542
0 0.419922 0.677083 0.0175781 0.0234375
0 0.969727 0.755859 0.0234375 0.0377604
0 0.311035 0.695312 0.0205078 0.0260417
0 0.851074 0.57487 0.0224609 0.0299479
0 0.320801 0.0136719 0.0244141 0.0273438
0 0.769043 0.411458 0.0224609 0.0260417
0 0.528809 0.202474 0.0244141 0.0325521
0 0.216309 0.439453 0.0263672 0.0351562
0 0.685059 0.0807292 0.0224609 0.03125
0 0.671387 0.132812 0.0205078 0.0260417
0 0.345703 0.843099 0.0234375 0.0299479
0 0.806152 0.598307 0.0205078 0.0273438
0 0.876953 0.744141 0.0214844 0.0325521
0 0.890625 0.53125 0.0195312 0.0260417
0 0.0693359 0.279948 0.0234375 0.0286458
0 0.851074 0.376302 0.0224609 0.0260417
0 0.991699 0.188151 0.0166016 0.0273438
0 0.361816 0.610026 0.0205078 0.0299479
0 0.22998 0.548828 0.0224609 0.0299479
0 0.309082 0.80013 0.0244141 0.0325521
0 0.330078 0.459635 0.0273438 0.0364583
0 0.376953 0.250651 0.0273438 0.0351562
0 0.789062 0.147786 0.0234375 0.0325521
0 0.65918 0.742839 0.0234375 0.0299479
0 0.987793 0.3125 0.0224609 0.03125
0 0.495117 0.148438 0.0234375 0.03125
0 0.270508 0.677083 0.0234375 0.03125
0 0.388672 0.817057 0.0234375 0.0325521
0 0.288086 0.285156 0.0253906 0.0338542
0 0.452637 0.30599 0.0224609 0.0286458
0 0.40918 0.0208333 0.0273438 0.0364583
0 0.688965 0.858724 0.0244141 0.0325521
0 0.830078 0.164714 0.0214844 0.0247396
0 0.70752 0.453125 0.0224609 0.03125
0 0.94043 0.321615 0.0234375 0.03125
0 0.166992 0.870443 0.0234375 0.0247396
0 0.128418 0.772135 0.0224609 0.0286458
0 0.145508 0.222656 0.0253906 0.0338542
0 0.768066 0.57487 0.0224609 0.0299479
0 0.299805 0.860026 0.0234375 0.0299479
0 0.32959 0.13737 0.0263672 0.0351562
0 0.860352 0.684896 0.0234375 0.03125
0 0.789551 0.64388 0.0224609 0.0299479
0 0.64502 0.0911458 0.0224609 0.03125
0 0.72168 0.738932 0.0234375 0.0325521
0 0.697754 0.79362 0.0263672 0.0325521
0 0.900879 0.804036 0.0224609 0.0299479
0 0.76123 0.461589 0.0205078 0.0299479
0 0.390625 0.739583 0.0214844 0.0286458
0 0.849609 0.52474 0.0214844 0.0286458
0 0.544434 0.858073 0.0244141 0.03125
0 0.808594 0.38737 0.0214844 0.0299479
0 0.902832 0.295573 0.0185547 0.0260417
0 0.81543 0.6875 0.0234375 0.0286458
0 0.940918 0.38737 0.0244141 0.0351562
0 0.843262 0.626953 0.0244141 0.0325521
0 0.925781 0.485677 0.0195312 0.0260417
0 0.308594 0.620443 0.0273438 0.0299479
0 0.566895 0.182943 0.0205078 0.0273438
0 0.902344 0.427734 0.0273438 0.0351562
0 0.757324 0.804036 0.0244141 0.0299479
0 0.373047 0.189453 0.0273438 0.0351562
0 0.905762 0.158203 0.0205078 0.0273438
0 0.774902 0.0865885 0.0224609 0.0325521
0 0.198242 0.251302 0.0253906 0.0338542
0 0.425293 0.847005 0.0224609 0.0273438
0 0.25 0.794922 0.0253906 0.0325521
0 0.748047 0.619792 0.0234375 0.0286458
0 0.821777 0.483724 0.0244141 0.0325521
0 0.345215 0.731771 0.0244141 0.03125
0 0.60498 0.169271 0.0224609 0.0286458
0 0.808594 0.204427 0.0234375 0.0286458
0 0.952148 0.179036 0.0195312 0.0273438
0 0.984375 0.606771 0.0234375 0.03125
0 0.878418 0.240234 0.0205078 0.0273438
0 0.94043 0.0800781 0.0234375 0.0299479
0 0.947754 0.704427 0.0205078 0.0260417
0 0.369629 0.520833 0.0263672 0.0364583
0 0.582031 0.234375 0.0214844 0.0286458
0 0.376953 0.688151 0.0234375 0.0299479
0 0.896484 0.104818 0.0234375 0.0299479
0 0.88916 0.345052 0.0205078 0.0286458
0 0.747559 0.128906 0.0224609 0.03125
0 0.90332 0.693359 0.0214844 0.0299479
0 0.167969 0.632161 0.0273438 0.0351562
0 0.831055 0.247396 0.0195312 0.0260417
0 0.862305 0.140625 0.0214844 0.0286458
0 0.286621 0.224609 0.0244141 0.0325521
0 0.847656 0.209635 0.0214844 0.0260417
0 0.35498 0.786458 0.0244141 0.0234375
0 0.964355 0.563151 0.0224609 0.0299479
0 0.770508 0.192708 0.0214844 0.03125
0 0.87793 0.481771 0.0234375 0.0286458
0 0.712891 0.230469 0.0234375 0.0286458
0 0.760742 0.692708 0.0214844 0.03125
0 0.241211 0.170573 0.0234375 0.0338542
0 0.925293 0.54362 0.0205078 0.0273438
0 0.935547 0.647135 0.0214844 0.0286458
0 0.287109 0.159505 0.0253906 0.0325521
0 0.72998 0.0748698 0.0244141 0.0299479
0 0.924805 0.757812 0.0214844 0.0286458
0 0.291992 0.748698 0.0253906 0.03125
0 0.64502 0.166667 0.0244141 0.03125
0 0.833496 0.744141 0.0224609 0.0325521
0 0.708496 0.129557 0.0224609 0.0299479
0 0.69043 0.180339 0.0234375 0.0299479
0 0.855469 0.813802 0.0273438 0.0338542
0 0.97998 0.660807 0.0205078 0.0299479
0 0.810547 0.794922 0.0273438 0.0325521
0 0.731934 0.181641 0.0224609 0.0299479
0 0.778809 0.745443 0.0244141 0.0299479
0 0.791504 0.252604 0.0224609 0.0286458
0 0.746094 0.856771 0.0234375 0.0286458
0 0.332031 0.210286 0.0253906 0.0325521
0 0.80127 0.847656 0.0244141 0.03125
