0 0.419922 0.617188 0.0136719 0.0182292
0 0.0537109 0.41862 0.015625 0.0221354
0 0.208496 0.416016 0.0205078 0.0273438
0 0.370117 0.400391 0.0214844 0.0273438
0 0.138672 0.81901 0.0175781 0.0260417
0 0.724121 0.24349 0.0224609 0.0286458
0 0.291016 0.0286458 0.0175781 0.0260417
0 0.586914 0.83138 0.00976562 0.0169271
0 0.351074 0.76888 0.0224609 0.0299479
0 0.330566 0.122396 0.0166016 0.0260417
0 0.134277 0.457031 0.0205078 0.0234375
0 0.00830078 0.284505 0.0166016 0.0377604
0 0.855469 0.539062 0.0253906 0.03125
0 0.290527 0.515625 0.0224609 0.0286458
0 0.986328 0.340495 0.015625 0.0351562
0 0.598145 0.0527344 0.0244141 0.0325521
0 0.376953 0.712891 0.0273438 0.0377604
0 0.362305 0.340495 0.0273438 0.0351562
0 0.955078 0.605469 0.0234375 0.0260417
0 0.47168 0.526042 0.0292969 0.0416667
0 0.424805 0.499349 0.0253906 0.0377604
0 0.811523 0.554688 0.0175781 0.0234375
0 0.255859 0.794271 0.0195312 0.0208333
0 0.885254 0.216797 0.0185547 0.0325521
0 0.260742 0.0683594 0.0195312 0.0273438
0 0.270508 0.38737 0.0234375 0.0299479
0 0.178711 0.114583 0.0214844 0.0364583
0 0.808594 0.834635 0.0253906 0.0338542
0 0.846191 0.789062 0.0244141 0.0286458
0 0.777832 0.722005 0.0146484 0.0195312
0 0.41748 0.182943 0.0185547 0.0247396
0 0.369141 0.116536 0.0175781 0.0299479
0 0.0610352 0.670573 0.0205078 0.0286458
0 0.756836 0.291667 0.0253906 0.03125
0 0.217773 0.539062 0.0214844 0.03125
0 0.305664 0.078776 0.0175781 0.0247396
0 0.458008 0.436849 0.0234375 0.0377604
0 0.69043 0.768229 0.015625 0.0260417
0 0.67334 0.22526 0.0263672 0.0416667
0 0.560547 0.153646 0.0195312 0.0286458
0 0.191406 0.733073 0.0214844 0.0260417
0 0.88916 0.578125 0.0224609 0.0286458
0 0.609375 0.167318 0.0195312 0.0351562
0 0.297852 0.272135 0.0234375 0.0260417
0 0.476074 0.598958 0.0244141 0.0338542
0 0.499512 0.394531 0.0224609 0.0338542
0 0.902344 0.635417 0.0234375 0.03125
0 0.214844 0.777344 0.015625 0.0234375
0 0.790039 0.404297 0.0214844 0.0351562
0 0.107422 0.670573 0.0195312 0.0286458
0 0.0546875 0.604818 0.0214844 0.0299479
0 0.545898 0.374349 0.0292969 0.0403646
0 0.321777 0.382812 0.0205078 0.03125
0 0.57959 0.209635 0.0224609 0.03125
0 0.343262 0.0729167 0.0166016 0.0260417
0 0.936523 0.561198 0.0214844 0.0260417
0 0.731445 0.544922 0.0214844 0.0247396
0 0.71582 0.794271 0.0175781 0.0234375
0 0.133301 0.143229 0.0224609 0.0286458
0 0.459961 0.00846354 0.0195312 0.0169271
0 0.499512 0.257812 0.0185547 0.0260417
0 0.77832 0.462891 0.0234375 0.0299479
0 0.229004 0.839193 0.0205078 0.0273438
0 0.48877 0.0690104 0.0185547 0.0286458
0 0.746094 0.873047 0.0214844 0.0299479
0 0.337402 0.298828 0.0224609 0.0351562
0 0.486816 0.123698 0.0146484 0.0234375
0 0.233398 0.0175781 0.0234375 0.0273438
0 0.859863 0.850911 0.0244141 0.0299479
0 0.244141 0.442057 0.0214844 0.0299479
0 0.0473633 0.22526 0.0185547 0.0260417
0 0.172363 0.461589 0.0224609 0.0273438
0 0.0986328 0.110677 0.0214844 0.03125
0 0.411133 0.132161 0.0175781 0.0247396
0 0.00634766 0.222005 0.0107422 0.0377604
0 0.375977 0.476562 0.0253906 0.0338542
0 0.754395 0.503255 0.0205078 0.0299479
0 0.0913086 0.826172 0.0166016 0.0221354
0 0.273926 0.121094 0.0205078 0.0286458
0 0.824219 0.594401 0.0195312 0.0299479
0 0.00537109 0.0559896 0.0107422 0.0286458
0 0.458984 0.773438 0.0253906 0.0338542
0 0.496094 0.465495 0.0214844 0.0273438
0 0.495605 0.0182292 0.0205078 0.0234375
0 0.80957 0.507161 0.0214844 0.0273438
0 0.450195 0.192708 0.0175781 0.0260417
0 0.818848 0.729167 0.0224609 0.0260417
0 0.679688 0.516276 0.0195312 0.0247396
0 0.413086 0.414062 0.0253906 0.0390625
0 0.223633 0.13151 0.0234375 0.0286458
0 0.993164 0.646484 0.0136719 0.0273438
0 0.050293 0.279948 0.0205078 0.0286458
0 0.181152 0.0371094 0.0224609 0.0273438
0 0.785156 0.597656 0.0175781 0.0234375
0 0.148438 0.71875 0.0195312 0.0286458
0 0.510254 0.654948 0.0244141 0.03125
0 0.980469 0.177734 0.015625 0.0247396
0 0.90918 0.854167 0.0214844 0.0260417
0 0.682617 0.885417 0.015625 0.0234375
0 0.427246 0.71224 0.0244141 0.0338542
0 0.151367 0.666016 0.0214844 0.0247396
0 0.680664 0.611979 0.015625 0.0234375
0 0.0317383 0.330729 0.0185547 0.0234375
0 0.232422 0.35612 0.0214844 0.0299479
0 0.00927734 0.122396 0.0185547 0.0364583
0 0.0175781 0.389323 0.015625 0.0234375
0 0.743164 0.594401 0.0195312 0.0273438
0 0.418945 0.24349 0.0195312 0.0286458
0 0.0117188 0.588542 0.0195312 0.0286458
0 0.686035 0.384766 0.0244141 0.0351562
0 0.288574 0.445312 0.0224609 0.0390625
0 0.623535 0.36263 0.0224609 0.0273438
0 0.129395 0.39974 0.0205078 0.0260417
0 0.521484 0.0546875 0.0195312 0.0286458
0 0.13623 0.0130208 0.0263672 0.0260417
0 0.293945 0.33138 0.0234375 0.0325521
0 0.381836 0.55013 0.0273438 0.0403646
0 0.644043 0.605469 0.0205078 0.03125
0 0.595703 0.416016 0.0273438 0.0377604
0 0.611816 0.289062 0.0263672 0.0364583
0 0.117188 0.202474 0.0195312 0.0273438
0 0.383789 0.159505 0.0175781 0.0247396
0 0.759277 0.378255 0.0224609 0.0299479
0 0.191406 0.365885 0.0195312 0.0234375
0 0.296387 0.583333 0.0224609 0.03125
0 0.791016 0.774089 0.0214844 0.0273438
0 0.351562 0.240885 0.0195312 0.03125
0 0.626953 0.235026 0.0253906 0.0325521
0 0.396484 0.00911458 0.015625 0.0182292
0 0.656738 0.321615 0.0263672 0.0390625
0 0.79834 0.638672 0.0205078 0.0273438
0 0.319336 0.216146 0.0195312 0.03125
0 0.339844 0.671875 0.0214844 0.0286458
0 0.761719 0.633464 0.0175781 0.0247396
0 0.25 0.503906 0.0214844 0.03125
0 0.855469 0.623698 0.0214844 0.0286458
0 0.0615234 0.36849 0.0214844 0.0286458
0 0.509277 0.321615 0.0224609 0.03125
0 0.459473 0.0957031 0.0146484 0.0221354
0 0.725098 0.354167 0.0263672 0.0390625
0 0.0942383 0.0501302 0.0224609 0.0299479
0 0.867676 0.68099 0.0224609 0.03125
0 0.714355 0.617839 0.0166016 0.0247396
0 0.154297 0.354167 0.0195312 0.0286458
0 0.175293 0.563151 0.0185547 0.0221354
0 0.166992 0.408854 0.0195312 0.0260417
0 0.73584 0.432943 0.0283203 0.0403646
0 0.252441 0.296875 0.0205078 0.03125
0 0.69873 0.56901 0.0205078 0.0260417
0 0.38623 0.63737 0.0283203 0.0403646
0 0.426758 0.09375 0.015625 0.0208333
0 0.250488 0.746094 0.0224609 0.0260417
0 0.933105 0.200521 0.0185547 0.0260417
0 0.629883 0.837891 0.0175781 0.0221354
0 0.54834 0.447266 0.0283203 0.0403646
0 0.645508 0.420573 0.0253906 0.0364583
0 0.541992 0.697266 0.0234375 0.0325521
0 0.294434 0.76888 0.0205078 0.0273438
0 0.555664 0.621745 0.0234375 0.0351562
0 0.455078 0.0494792 0.0136719 0.0182292
0 0.118652 0.770182 0.0263672 0.0325521
0 0.0322266 0.171224 0.0234375 0.0325521
0 0.462891 0.302734 0.0214844 0.0273438
0 0.592773 0.490234 0.0253906 0.0325521
0 0.145508 0.246745 0.0195312 0.0299479
0 0.32959 0.0325521 0.0166016 0.0234375
0 0.22168 0.636719 0.0214844 0.03125
0 0.57666 0.261719 0.0185547 0.0234375
0 0.73291 0.659505 0.0185547 0.0273438
0 0.523926 0.770182 0.0263672 0.0403646
0 0.140625 0.516927 0.0214844 0.0234375
0 0.303223 0.162109 0.0205078 0.0299479
0 0.967773 0.235026 0.0117188 0.0195312
0 0.385742 0.283203 0.0234375 0.0273438
0 0.95752 0.802734 0.0224609 0.0273438
0 0.956543 0.303385 0.0185547 0.0234375
0 0.342285 0.601562 0.0224609 0.0338542
0 0.0761719 0.315755 0.0214844 0.0299479
0 0.451172 0.142578 0.0175781 0.0221354
0 0.186035 0.251953 0.0224609 0.0299479
0 0.601562 0.869792 0.0214844 0.0286458
0 0.166016 0.185547 0.0214844 0.0273438
0 0.773438 0.679036 0.0214844 0.0299479
0 0.52832 0.517578 0.0292969 0.0403646
0 0.316406 0.722005 0.0195312 0.0273438
0 0.38623 0.216797 0.0205078 0.0299479
0 0.375977 0.82487 0.0234375 0.0299479
0 0.450195 0.654948 0.0273438 0.0286458
0 0.404297 0.872396 0.0234375 0.03125
0 0.388184 0.0807292 0.0126953 0.0182292
0 0.629883 0.548177 0.0253906 0.0338542
0 0.646484 0.734375 0.015625 0.0208333
0 0.365723 0.0364583 0.0166016 0.0234375
0 0.574707 0.557292 0.0302734 0.0364583
0 0.0786133 0.171224 0.0224609 0.0325521
0 0.299805 0.653646 0.0234375 0.0338542
0 0.822266 0.675781 0.0253906 0.0338542
0 0.743164 0.70638 0.015625 0.0247396
0 0.640625 0.485677 0.0234375 0.0364583
0 0.347656 0.170573 0.0195312 0.0286458
0 0.614258 0.796875 0.0195312 0.0260417
0 0.205078 0.591797 0.0214844 0.0273438
0 0.589844 0.67513 0.0273438 0.0377604
0 0.431641 0.82487 0.0253906 0.0325521
0 0.677246 0.740885 0.0166016 0.0260417
0 0.950195 0.662109 0.0214844 0.0273438
0 0.57373 0.733724 0.0205078 0.0273438
0 0.513672 0.166667 0.0214844 0.03125
0 0.0888672 0.244141 0.0195312 0.0273438
0 0.44043 0.35612 0.0234375 0.0325521
0 0.982422 0.703125 0.0234375 0.0286458
0 0.57959 0.335938 0.0244141 0.0364583
0 0.252441 0.575521 0.0224609 0.03125
0 0.664551 0.840495 0.0166016 0.0221354
0 0.929688 0.75 0.0234375 0.03125
0 0.168457 0.616536 0.0205078 0.0273438
0 0.543945 0.284505 0.0234375 0.0351562
0 0.258789 0.647135 0.0214844 0.0286458
0 0.137695 0.576823 0.0195312 0.0260417
0 0.231445 0.695312 0.0214844 0.0286458
0 0.11377 0.615885 0.0224609 0.0286458
0 0.960449 0.853516 0.0224609 0.0273438
0 0.533691 0.222005 0.0224609 0.0325521
0 0.870117 0.736979 0.0292969 0.03125
0 0.488281 0.716797 0.03125 0.0403646
0 0.698242 0.296875 0.0273438 0.0390625
0 0.603516 0.616536 0.0253906 0.0351562
0 0.518066 0.579427 0.0224609 0.0286458
0 0.313477 0.863932 0.0234375 0.0325521
0 0.708008 0.696615 0.015625 0.0234375
0 0.458496 0.877604 0.0244141 0.0338542
0 0.711914 0.745443 0.0175781 0.0247396
0 0.748047 0.755859 0.0214844 0.0299479
0 0.575684 0.792969 0.0244141 0.0260417
0 0.0449219 0.0325521 0.0273438 0.0338542
0 0.918457 0.695964 0.0244141 0.0299479
0 0.335449 0.525391 0.0244141 0.0351562
0 0.276367 0.708333 0.0214844 0.0286458
0 0.152344 0.304036 0.0214844 0.0273438
0 0.112305 0.286458 0.0195312 0.0286458
0 0.271973 0.22526 0.0224609 0.03125
0 0.0507812 0.0996094 0.0253906 0.0351562
0 0.183594 0.848307 0.0195312 0.0247396
0 0.708008 0.844401 0.0214844 0.0273438
0 0.251953 0.178385 0.0234375 0.03125
0 0.655273 0.658203 0.0195312 0.0273438
0 0.754883 0.815755 0.0234375 0.0325521
0 0.207031 0.189453 0.0214844 0.0299479
0 0.231445 0.244792 0.0195312 0.0286458
0 0.974121 0.755859 0.0224609 0.0325521
0 0.325195 0.811849 0.0234375 0.0273438
0 0.513184 0.871745 0.0244141 0.0351562
0 0.697266 0.657552 0.0175781 0.0260417
0 0.115234 0.345052 0.0214844 0.03125
0 0.488281 0.200521 0.0214844 0.0286458
0 0.628418 0.686198 0.0185547 0.0234375
0 0.490234 0.81901 0.0234375 0.03125
0 0.614258 0.740885 0.0195312 0.0286458
0 0.0913086 0.407552 0.0224609 0.0286458
0 0.681641 0.796224 0.015625 0.0195312
0 0.544922 0.828125 0.0214844 0.0286458
0 0.41748 0.0449219 0.0205078 0.0273438
0 0.647461 0.785807 0.015625 0.0221354
0 0.200684 0.30599 0.0224609 0.0286458
0 0.667969 0.698568 0.0195312 0.0247396
